
        Test date: 2020-04-21
        Precision: 0.883399209486166
        Recall: 0.8370786516853933
        F1: 0.8596153846153847
        

        ----------------------------------------
        